#          omega_b,        omega_cdm,               H0,     ln10^{10}A_s,              n_s,           z_reio,       delta_Neff,        log10z_tr,         A_planck,         tau_reio,     Omega_Lambda,              YHe,      100*theta_s,              A_s,           sigma8,             Neff,          omega_m,          Omega_m,     Omega0_ncdm1,     omega0_ncdm1,      Omega0_ncdm,      omega0_ncdm, log10Omega0_ncdm1, log10omega_LiMR, log10Omega0_ncdm, log10omega0_ncdm,             a_eq,            z_rec,           rs_rec,           ra_rec,     m_ncdm_in_eV, log10m_ncdm_in_eV,          T_ncdm1,          f_ncdm1,     log10f_ncdm1
 2.816916e-08	-2.643463e-08	 1.117987e-04	 6.086289e-07	 5.595203e-07	 2.261459e-05	 6.490343e-06	-2.538434e-05	 1.750169e-08	 2.793377e-07	 1.039531e-06	 9.743773e-08	-1.655739e-09	 1.287878e-15	 4.447247e-08	 6.490322e-06	-2.663742e-09	-1.039308e-06	-1.083648e-08	-4.381783e-09	-1.541205e-08	-4.381774e-09	 1.112514e-05	 1.255236e-05	-2.469367e-06	-1.042146e-06	 2.612203e-10	-2.769124e-05	-4.493278e-05	-4.293077e-03	-1.031336e-05	-1.166350e-05	 6.482865e-06	-3.494201e-08	 1.266414e-05	
-2.643463e-08	 3.871308e-06	-2.173398e-05	 4.674091e-06	 1.566591e-07	-1.082103e-04	 1.158556e-04	-6.796112e-04	-1.590384e-07	-1.812158e-06	-7.937246e-06	 1.512530e-06	-3.595234e-07	 9.877440e-15	 1.236021e-05	 1.158552e-04	 3.547106e-06	 7.936574e-06	-6.587756e-07	-2.974769e-07	-6.573339e-07	-2.974767e-07	 4.412657e-05	 4.379147e-05	-6.420744e-05	-6.454255e-05	-2.601573e-09	 3.894751e-04	-1.441759e-03	-1.336776e-01	-5.363624e-04	-3.956342e-04	 1.166332e-04	-2.466554e-06	 3.114901e-05	
 1.117987e-04	-2.173398e-05	 7.725549e-01	 3.121364e-03	 4.113518e-03	 1.355757e-01	 5.185303e-02	-3.868841e-01	 6.968530e-05	 1.529580e-03	 7.227000e-03	 7.296771e-04	-2.750103e-05	 6.614654e-12	 1.782440e-03	 5.185285e-02	-3.661660e-05	-7.225515e-03	-2.884463e-04	-1.265326e-04	-3.200329e-04	-1.265324e-04	-4.813239e-02	-3.827324e-02	-4.319039e-02	-3.333125e-02	 2.112594e-06	-8.697347e-02	-3.056227e-01	-2.898755e+01	-1.336607e-01	-2.316261e-01	 5.094867e-02	-1.019483e-03	-3.772954e-02	
 6.086289e-07	 4.674091e-06	 3.121364e-03	 2.803524e-04	 1.942038e-05	 1.239356e-02	 3.755674e-04	-1.183229e-03	 1.169118e-05	 1.211152e-04	 1.736197e-05	 5.200786e-06	-5.666440e-07	 5.922210e-13	 1.204696e-04	 3.755662e-04	 5.230358e-06	-1.735676e-05	-1.165895e-07	-5.143118e-08	-2.431207e-07	-5.143070e-08	 9.038807e-04	 9.436014e-04	-6.835503e-05	-2.863440e-05	 4.084022e-09	-1.004403e-05	-3.420338e-03	-3.209376e-01	-5.657505e-04	-4.605265e-04	 3.771567e-04	-4.919751e-07	 9.273328e-04	
 5.595203e-07	 1.566591e-07	 4.113518e-03	 1.942038e-05	 3.127228e-05	 9.597428e-04	 2.966415e-04	-1.561400e-03	 4.167778e-07	 1.031931e-05	 3.779542e-05	 4.140968e-06	-2.334413e-07	 4.114727e-14	 1.106340e-05	 2.966405e-04	 1.190343e-07	-3.778753e-05	-1.370083e-06	-5.963782e-07	-1.538257e-06	-5.963776e-07	 2.008857e-04	 2.533800e-04	-1.820950e-04	-1.296007e-04	 1.154150e-08	-3.855834e-04	-1.761713e-03	-1.661010e-01	-7.548103e-04	-8.503392e-04	 2.944808e-04	-4.823376e-06	 2.550462e-04	
 2.261459e-05	-1.082103e-04	 1.355757e-01	 1.239356e-02	 9.597428e-04	 6.469893e-01	 6.399828e-03	-1.444103e-02	-3.459134e-05	 6.363988e-03	 1.446997e-03	 9.385414e-05	 2.941975e-06	 2.617129e-11	 4.698409e-03	 6.399807e-03	-8.949097e-05	-1.446716e-03	-9.313037e-06	-3.879509e-06	-1.486308e-05	-3.879494e-06	 1.674416e-02	 1.847507e-02	-2.709176e-03	-9.782704e-04	 4.336020e-07	-2.744217e-02	-1.968041e-02	-1.929640e+00	-1.264333e-02	-4.599523e-03	 6.302756e-03	-3.145267e-05	 1.887521e-02	
 6.490343e-06	 1.158556e-04	 5.185303e-02	 3.755674e-04	 2.966415e-04	 6.399828e-03	 7.849469e-03	-2.433533e-02	 3.095476e-06	 4.966458e-05	 2.161293e-04	 1.060140e-04	-1.623551e-05	 7.951065e-13	 3.292516e-04	 7.849443e-03	 1.203233e-04	-2.160527e-04	-4.669459e-06	-2.003412e-06	-6.766255e-06	-2.003417e-06	 1.936193e-02	 2.002123e-02	-1.095748e-03	-4.364447e-04	 6.431869e-08	 7.899196e-03	-7.094028e-02	-6.597176e+00	-1.182480e-02	-9.251454e-03	 7.864449e-03	-1.765260e-05	 1.962004e-02	
-2.538434e-05	-6.796112e-04	-3.868841e-01	-1.183229e-03	-1.561400e-03	-1.444103e-02	-2.433533e-02	 3.980784e+00	 5.178450e-05	-1.504086e-04	-3.410616e-03	-3.322496e-04	 5.555553e-05	-2.501874e-12	-9.070900e-03	-2.433523e-02	-9.171135e-05	 3.410435e-03	 1.361421e-03	 6.129246e-04	 1.377372e-03	 6.129241e-04	 2.071936e+00	 2.066985e+00	 1.983508e-01	 1.933995e-01	-7.044723e-07	-8.353212e-03	 2.071487e-01	 1.915406e+01	 7.656568e-01	 2.316716e+00	-3.004041e-02	 4.990037e-03	 2.067223e+00	
 1.750169e-08	-1.590384e-07	 6.968530e-05	 1.169118e-05	 4.167778e-07	-3.459134e-05	 3.095476e-06	 5.178450e-05	 6.224385e-06	-2.926753e-07	 7.568050e-07	 4.827954e-08	 4.924593e-09	 2.467095e-14	 3.623829e-06	 3.095470e-06	-5.524052e-08	-7.566706e-07	 1.932420e-07	 8.630025e-08	 1.904071e-07	 8.630009e-08	 6.310066e-05	 6.398849e-05	 1.527129e-05	 1.615913e-05	 2.183058e-10	-2.234836e-05	-5.894353e-06	-6.316618e-04	 8.012999e-05	 5.023328e-05	 3.659650e-06	 7.016044e-07	 6.424844e-05	
 2.793377e-07	-1.812158e-06	 1.529580e-03	 1.211152e-04	 1.031931e-05	 6.363988e-03	 4.966458e-05	-1.504086e-04	-2.926753e-07	 6.295589e-05	 1.759972e-05	 7.727684e-07	 9.735039e-08	 2.558694e-13	 4.435806e-05	 4.966442e-05	-1.593210e-06	-1.759645e-05	-1.444545e-07	-6.026190e-08	-2.071804e-07	-6.026170e-08	 9.013695e-05	 1.096767e-04	-3.512310e-05	-1.558338e-05	 5.193595e-09	-3.995160e-04	 1.711677e-05	 3.442541e-04	-1.053027e-04	-6.681586e-05	 4.827862e-05	-4.763654e-07	 1.163407e-04	
 1.039531e-06	-7.937246e-06	 7.227000e-03	 1.736197e-05	 3.779542e-05	 1.446997e-03	 2.161293e-04	-3.410616e-03	 7.568050e-07	 1.759972e-05	 8.518343e-05	 3.285882e-06	 5.157555e-07	 3.685465e-14	 1.127711e-07	 2.161285e-04	-8.344232e-06	-8.516815e-05	-3.298637e-06	-1.445725e-06	-3.595773e-06	-1.445722e-06	-1.608238e-03	-1.515837e-03	-4.766229e-04	-3.842212e-04	 2.544845e-08	-1.612610e-03	 4.052871e-04	 3.203307e-02	-9.676875e-04	-2.322143e-03	 2.045120e-04	-1.154498e-05	-1.482479e-03	
 9.743773e-08	 1.512530e-06	 7.296771e-04	 5.200786e-06	 4.140968e-06	 9.385414e-05	 1.060140e-04	-3.322496e-04	 4.827954e-08	 7.727684e-07	 3.285882e-06	 1.436134e-06	-2.142634e-07	 1.100988e-14	 4.344281e-06	 1.060136e-04	 1.581585e-06	-3.284780e-06	-6.580395e-08	-2.812310e-08	-9.533842e-08	-2.812316e-08	 2.607853e-04	 2.700660e-04	-1.544967e-05	-6.168979e-06	 9.575185e-10	 9.203107e-05	-9.523686e-04	-8.861549e-02	-1.609708e-04	-1.271379e-04	 1.065725e-04	-2.463816e-07	 2.648362e-04	
-1.655739e-09	-3.595234e-07	-2.750103e-05	-5.666440e-07	-2.334413e-07	 2.941975e-06	-1.623551e-05	 5.555553e-05	 4.924593e-09	 9.735039e-08	 5.157555e-07	-2.142634e-07	 1.218886e-07	-1.199827e-15	-8.870191e-07	-1.623545e-05	-3.520648e-07	-5.157321e-07	 1.961734e-08	 9.074609e-09	 2.066830e-08	 9.074596e-09	-3.656749e-05	-3.691079e-05	 2.499046e-06	 2.155751e-06	 7.657864e-11	-3.770107e-05	 1.670715e-04	 1.442953e-02	 3.139044e-05	 2.425589e-05	-1.638683e-05	 7.783668e-08	-3.567260e-05	
 1.287878e-15	 9.877440e-15	 6.614654e-12	 5.922210e-13	 4.114727e-14	 2.617129e-11	 7.951065e-13	-2.501874e-12	 2.467095e-14	 2.558694e-13	 3.685465e-14	 1.100988e-14	-1.199827e-15	 1.251217e-21	 2.545502e-13	 7.951039e-13	 1.105489e-14	-3.684362e-14	-2.464279e-16	-1.084610e-16	-5.145516e-16	-1.084600e-16	 1.909212e-12	 1.993384e-12	-1.448572e-13	-6.068468e-14	 8.682253e-18	-2.174909e-14	-7.236393e-12	-6.789938e-10	-1.187458e-12	-9.740985e-13	 7.974477e-13	-1.035792e-15	 1.959005e-12	
 4.447247e-08	 1.236021e-05	 1.782440e-03	 1.204696e-04	 1.106340e-05	 4.698409e-03	 3.292516e-04	-9.070900e-03	 3.623829e-06	 4.435806e-05	 1.127711e-07	 4.344281e-06	-8.870191e-07	 2.545502e-13	 1.323107e-04	 3.292504e-04	 7.638426e-06	-1.106787e-07	-1.063366e-05	-4.764838e-06	-1.070598e-05	-4.764829e-06	-5.350588e-03	-5.327897e-03	-1.227953e-03	-1.205262e-03	-2.402967e-09	 8.482945e-04	-3.883177e-03	-3.611334e-01	-4.107233e-03	-6.584167e-03	 3.036387e-04	-3.864359e-05	-5.354785e-03	
 6.490322e-06	 1.158552e-04	 5.185285e-02	 3.755662e-04	 2.966405e-04	 6.399807e-03	 7.849443e-03	-2.433523e-02	 3.095470e-06	 4.966442e-05	 2.161285e-04	 1.060136e-04	-1.623545e-05	 7.951039e-13	 3.292504e-04	 7.849417e-03	 1.203229e-04	-2.160520e-04	-4.669423e-06	-2.003397e-06	-6.766213e-06	-2.003401e-06	 1.936187e-02	 2.002117e-02	-1.095742e-03	-4.364414e-04	 6.431847e-08	 7.899170e-03	-7.094004e-02	-6.597153e+00	-1.182475e-02	-9.251415e-03	 7.864423e-03	-1.765247e-05	 1.961998e-02	
-2.663742e-09	 3.547106e-06	-3.661660e-05	 5.230358e-06	 1.190343e-07	-8.949097e-05	 1.203233e-04	-9.171135e-05	-5.524052e-08	-1.593210e-06	-8.344232e-06	 1.581585e-06	-3.520648e-07	 1.105489e-14	 7.638426e-06	 1.203229e-04	 3.657293e-06	 8.343534e-06	 2.588523e-07	 1.131159e-07	 2.610050e-07	 1.131157e-07	 5.212121e-04	 5.206764e-04	 3.246512e-05	 3.192940e-05	-2.699297e-09	 3.693353e-04	-1.476974e-03	-1.371577e-01	-1.314966e-04	 7.043608e-05	 1.221169e-04	 8.652445e-07	 5.077330e-04	
-1.039308e-06	 7.936574e-06	-7.225515e-03	-1.735676e-05	-3.778753e-05	-1.446716e-03	-2.160527e-04	 3.410435e-03	-7.566706e-07	-1.759645e-05	-8.516815e-05	-3.284780e-06	-5.157321e-07	-3.684362e-14	-1.106787e-07	-2.160520e-04	 8.343534e-06	 8.515287e-05	 3.298064e-06	 1.445475e-06	 3.595140e-06	 1.445473e-06	 1.608317e-03	 1.515935e-03	 4.765464e-04	 3.841637e-04	-2.544394e-08	 1.612366e-03	-4.056045e-04	-3.206386e-02	 9.674212e-04	 2.321971e-03	-2.044357e-04	 1.154297e-05	 1.482580e-03	
-1.083648e-08	-6.587756e-07	-2.884463e-04	-1.165895e-07	-1.370083e-06	-9.313037e-06	-4.669459e-06	 1.361421e-03	 1.932420e-07	-1.444545e-07	-3.298637e-06	-6.580395e-08	 1.961734e-08	-2.464279e-16	-1.063366e-05	-4.669423e-06	 2.588523e-07	 3.298064e-06	 2.078183e-06	 9.283730e-07	 2.090223e-06	 9.283722e-07	 1.035099e-03	 1.031392e-03	 2.211630e-04	 2.174562e-04	-8.242805e-10	 1.846426e-05	 2.114215e-05	 1.771735e-03	 9.230275e-04	 1.061179e-03	-2.291128e-06	 7.530060e-06	 1.030442e-03	
-4.381783e-09	-2.974769e-07	-1.265326e-04	-5.143118e-08	-5.963782e-07	-3.879509e-06	-2.003412e-06	 6.129246e-04	 8.630025e-08	-6.026190e-08	-1.445725e-06	-2.812310e-08	 9.074609e-09	-1.084610e-16	-4.764838e-06	-2.003397e-06	 1.131159e-07	 1.445475e-06	 9.283730e-07	 4.149334e-07	 9.336535e-07	 4.149331e-07	 4.658515e-04	 4.642255e-04	 9.912636e-05	 9.750042e-05	-3.587490e-10	 7.569080e-06	 9.546039e-06	 7.970375e-04	 4.151335e-04	 4.775452e-04	-9.803637e-07	 3.366406e-06	 4.638120e-04	
-1.541205e-08	-6.573339e-07	-3.200329e-04	-2.431207e-07	-1.538257e-06	-1.486308e-05	-6.766255e-06	 1.377372e-03	 1.904071e-07	-2.071804e-07	-3.595773e-06	-9.533842e-08	 2.066830e-08	-5.145516e-16	-1.070598e-05	-6.766213e-06	 2.610050e-07	 3.595140e-06	 2.090223e-06	 9.336535e-07	 2.103556e-06	 9.336527e-07	 1.037195e-03	 1.033085e-03	 2.229533e-04	 2.188433e-04	-9.111114e-10	 2.209332e-05	 3.337200e-05	 2.932363e-03	 9.285710e-04	 1.070762e-03	-4.364574e-06	 7.572595e-06	 1.032111e-03	
-4.381774e-09	-2.974767e-07	-1.265324e-04	-5.143070e-08	-5.963776e-07	-3.879494e-06	-2.003417e-06	 6.129241e-04	 8.630009e-08	-6.026170e-08	-1.445722e-06	-2.812316e-08	 9.074596e-09	-1.084600e-16	-4.764829e-06	-2.003401e-06	 1.131157e-07	 1.445473e-06	 9.283722e-07	 4.149331e-07	 9.336527e-07	 4.149327e-07	 4.658512e-04	 4.642252e-04	 9.912628e-05	 9.750034e-05	-3.587486e-10	 7.569049e-06	 9.546092e-06	 7.970427e-04	 4.151330e-04	 4.775449e-04	-9.803630e-07	 3.366403e-06	 4.638116e-04	
 1.112514e-05	 4.412657e-05	-4.813239e-02	 9.038807e-04	 2.008857e-04	 1.674416e-02	 1.936193e-02	 2.071936e+00	 6.310066e-05	 9.013695e-05	-1.608238e-03	 2.607853e-04	-3.656749e-05	 1.909212e-12	-5.350588e-03	 1.936187e-02	 5.212121e-04	 1.608317e-03	 1.035099e-03	 4.658515e-04	 1.037195e-03	 4.658512e-04	 1.509978e+00	 1.509350e+00	 1.447350e-01	 1.441073e-01	-2.608431e-07	 3.402254e-02	-1.893839e-01	-1.769908e+01	 5.107136e-01	 1.446841e+00	 2.780545e-02	 3.785882e-03	 1.507548e+00	
 1.255236e-05	 4.379147e-05	-3.827324e-02	 9.436014e-04	 2.533800e-04	 1.847507e-02	 2.002123e-02	 2.066985e+00	 6.398849e-05	 1.096767e-04	-1.515837e-03	 2.700660e-04	-3.691079e-05	 1.993384e-12	-5.327897e-03	 2.002117e-02	 5.206764e-04	 1.515935e-03	 1.031392e-03	 4.642255e-04	 1.033085e-03	 4.642252e-04	 1.509350e+00	 1.508848e+00	 1.441812e-01	 1.436794e-01	-2.338353e-07	 3.290498e-02	-1.932564e-01	-1.806645e+01	 5.089995e-01	 1.443873e+00	 2.845465e-02	 3.772782e-03	 1.507053e+00	
-2.469367e-06	-6.420744e-05	-4.319039e-02	-6.835503e-05	-1.820950e-04	-2.709176e-03	-1.095748e-03	 1.983508e-01	 1.527129e-05	-3.512310e-05	-4.766229e-04	-1.544967e-05	 2.499046e-06	-1.448572e-13	-1.227953e-03	-1.095742e-03	 3.246512e-05	 4.765464e-04	 2.211630e-04	 9.912636e-05	 2.229533e-04	 9.912628e-05	 1.447350e-01	 1.441812e-01	 2.671554e-02	 2.616180e-02	-1.137501e-07	 3.083420e-03	 5.565592e-03	 5.014936e-01	 1.042552e-01	 1.509385e-01	-8.616998e-04	 8.048462e-04	 1.440580e-01	
-1.042146e-06	-6.454255e-05	-3.333125e-02	-2.863440e-05	-1.296007e-04	-9.782704e-04	-4.364447e-04	 1.933995e-01	 1.615913e-05	-1.558338e-05	-3.842212e-04	-6.168979e-06	 2.155751e-06	-6.068468e-14	-1.205262e-03	-4.364414e-04	 3.192940e-05	 3.841637e-04	 2.174562e-04	 9.750042e-05	 2.188433e-04	 9.750034e-05	 1.441073e-01	 1.436794e-01	 2.616180e-02	 2.573389e-02	-8.674221e-08	 1.965858e-03	 1.693081e-03	 1.341270e-01	 1.025411e-01	 1.479706e-01	-2.125023e-04	 7.917469e-04	 1.435633e-01	
 2.612203e-10	-2.601573e-09	 2.112594e-06	 4.084022e-09	 1.154150e-08	 4.336020e-07	 6.431869e-08	-7.044723e-07	 2.183058e-10	 5.193595e-09	 2.544845e-08	 9.575185e-10	 7.657864e-11	 8.682253e-18	-2.402967e-09	 6.431847e-08	-2.699297e-09	-2.544394e-08	-8.242805e-10	-3.587490e-10	-9.111114e-10	-3.587486e-10	-2.608431e-07	-2.338353e-07	-1.137501e-07	-8.674221e-08	 8.071357e-12	-4.412031e-07	 2.120314e-07	 1.932777e-05	-2.654146e-07	-4.703538e-07	 6.186739e-08	-2.862689e-09	-2.233085e-07	
-2.769124e-05	 3.894751e-04	-8.697347e-02	-1.004403e-05	-3.855834e-04	-2.744217e-02	 7.899196e-03	-8.353212e-03	-2.234836e-05	-3.995160e-04	-1.612610e-03	 9.203107e-05	-3.770107e-05	-2.174909e-14	 8.482945e-04	 7.899170e-03	 3.693353e-04	 1.612366e-03	 1.846426e-05	 7.569080e-06	 2.209332e-05	 7.569049e-06	 3.402254e-02	 3.290498e-02	 3.083420e-03	 1.965858e-03	-4.412031e-07	 6.604772e-02	-1.153918e-01	-1.058050e+01	-9.963299e-03	 3.145592e-03	 8.041351e-03	 5.593578e-05	 3.149882e-02	
-4.493278e-05	-1.441759e-03	-3.056227e-01	-3.420338e-03	-1.761713e-03	-1.968041e-02	-7.094028e-02	 2.071487e-01	-5.894353e-06	 1.711677e-05	 4.052871e-04	-9.523686e-04	 1.670715e-04	-7.236393e-12	-3.883177e-03	-7.094004e-02	-1.476974e-03	-4.056045e-04	 2.114215e-05	 9.546039e-06	 3.337200e-05	 9.546092e-06	-1.893839e-01	-1.932564e-01	 5.565592e-03	 1.693081e-03	 2.120314e-07	-1.153918e-01	 7.312201e-01	 6.800201e+01	 1.124178e-01	 7.343716e-02	-7.156441e-02	 9.578495e-05	-1.881991e-01	
-4.293077e-03	-1.336776e-01	-2.898755e+01	-3.209376e-01	-1.661010e-01	-1.929640e+00	-6.597176e+00	 1.915406e+01	-6.316618e-04	 3.442541e-04	 3.203307e-02	-8.861549e-02	 1.442953e-02	-6.789938e-10	-3.611334e-01	-6.597153e+00	-1.371577e-01	-3.206386e-02	 1.771735e-03	 7.970375e-04	 2.932363e-03	 7.970427e-04	-1.769908e+01	-1.806645e+01	 5.014936e-01	 1.341270e-01	 1.932777e-05	-1.058050e+01	 6.800201e+01	 6.338711e+03	 1.037694e+01	 6.730060e+00	-6.654462e+00	 8.171082e-03	-1.759725e+01	
-1.031336e-05	-5.363624e-04	-1.336607e-01	-5.657505e-04	-7.548103e-04	-1.264333e-02	-1.182480e-02	 7.656568e-01	 8.012999e-05	-1.053027e-04	-9.676875e-04	-1.609708e-04	 3.139044e-05	-1.187458e-12	-4.107233e-03	-1.182475e-02	-1.314966e-04	 9.674212e-04	 9.230275e-04	 4.151335e-04	 9.285710e-04	 4.151330e-04	 5.107136e-01	 5.089995e-01	 1.042552e-01	 1.025411e-01	-2.654146e-07	-9.963299e-03	 1.124178e-01	 1.037694e+01	 7.916000e-01	 5.914765e-01	-1.667312e-02	 3.404819e-03	 5.094314e-01	
-1.166350e-05	-3.956342e-04	-2.316261e-01	-4.605265e-04	-8.503392e-04	-4.599523e-03	-9.251454e-03	 2.316716e+00	 5.023328e-05	-6.681586e-05	-2.322143e-03	-1.271379e-04	 2.425589e-05	-9.740985e-13	-6.584167e-03	-9.251415e-03	 7.043608e-05	 2.321971e-03	 1.061179e-03	 4.775452e-04	 1.070762e-03	 4.775449e-04	 1.446841e+00	 1.443873e+00	 1.509385e-01	 1.479706e-01	-4.703538e-07	 3.145592e-03	 7.343716e-02	 6.730060e+00	 5.914765e-01	 1.552266e+00	-1.068607e-02	 3.887240e-03	 1.443586e+00	
 6.482865e-06	 1.166332e-04	 5.094867e-02	 3.771567e-04	 2.944808e-04	 6.302756e-03	 7.864449e-03	-3.004041e-02	 3.659650e-06	 4.827862e-05	 2.045120e-04	 1.065725e-04	-1.638683e-05	 7.974477e-13	 3.036387e-04	 7.864423e-03	 1.221169e-04	-2.044357e-04	-2.291128e-06	-9.803637e-07	-4.364574e-06	-9.803630e-07	 2.780545e-02	 2.845465e-02	-8.616998e-04	-2.125023e-04	 6.186739e-08	 8.041351e-03	-7.156441e-02	-6.654462e+00	-1.667312e-02	-1.068607e-02	 9.587741e-03	-9.600605e-06	 2.804594e-02	
-3.494201e-08	-2.466554e-06	-1.019483e-03	-4.919751e-07	-4.823376e-06	-3.145267e-05	-1.765260e-05	 4.990037e-03	 7.016044e-07	-4.763654e-07	-1.154498e-05	-2.463816e-07	 7.783668e-08	-1.035792e-15	-3.864359e-05	-1.765247e-05	 8.652445e-07	 1.154297e-05	 7.530060e-06	 3.366406e-06	 7.572595e-06	 3.366403e-06	 3.785882e-03	 3.772782e-03	 8.048462e-04	 7.917469e-04	-2.862689e-09	 5.593578e-05	 9.578495e-05	 8.171082e-03	 3.404819e-03	 3.887240e-03	-9.600605e-06	 2.732068e-05	 3.769614e-03	
 1.266414e-05	 3.114901e-05	-3.772954e-02	 9.273328e-04	 2.550462e-04	 1.887521e-02	 1.962004e-02	 2.067223e+00	 6.424844e-05	 1.163407e-04	-1.482479e-03	 2.648362e-04	-3.567260e-05	 1.959005e-12	-5.354785e-03	 1.961998e-02	 5.077330e-04	 1.482580e-03	 1.030442e-03	 4.638120e-04	 1.032111e-03	 4.638116e-04	 1.507548e+00	 1.507053e+00	 1.440580e-01	 1.435633e-01	-2.233085e-07	 3.149882e-02	-1.881991e-01	-1.759725e+01	 5.094314e-01	 1.443586e+00	 2.804594e-02	 3.769614e-03	 1.505304e+00	
